%YAML:1.0
img: !!opencv-matrix
   rows: 10
   cols: 128
   dt: f
   data: [ 0., 0., 5., 70., 130., 40., 14., 0., 2., 2., 18., 36., 28.,
       30., 130., 26., 14., 3., 12., 5., 0., 1., 130., 130., 49., 3., 1.,
       0., 0., 7., 130., 114., 0., 0., 130., 83., 28., 18., 9., 1., 34.,
       35., 116., 26., 3., 10., 48., 21., 130., 44., 12., 0., 0., 1.,
       38., 81., 36., 1., 0., 0., 6., 47., 45., 32., 0., 0., 45., 15.,
       0., 0., 72., 29., 47., 7., 22., 4., 0., 0., 66., 79., 130., 32.,
       1., 0., 0., 0., 3., 41., 60., 14., 1., 3., 15., 19., 2., 3., 0.,
       0., 0., 0., 0., 0., 42., 22., 15., 1., 0., 0., 0., 0., 28., 31.,
       130., 41., 0., 0., 0., 0., 1., 11., 57., 28., 1., 3., 13., 2., 0.,
       0., 20., 10., 1., 0., 0., 0., 2., 16., 136., 4., 1., 2., 4., 0.,
       1., 54., 91., 0., 0., 56., 136., 0., 0., 25., 101., 0., 0., 14.,
       39., 0., 0., 26., 30., 7., 8., 18., 1., 1., 5., 9., 136., 31., 6.,
       13., 17., 0., 0., 44., 83., 11., 6., 94., 136., 0., 0., 14., 136.,
       19., 1., 9., 20., 0., 0., 26., 16., 23., 22., 31., 0., 0., 0., 0.,
       131., 136., 70., 26., 5., 0., 0., 2., 20., 65., 104., 136., 52.,
       0., 0., 0., 42., 136., 48., 9., 2., 0., 0., 1., 0., 4., 6., 14.,
       6., 1., 2., 1., 2., 60., 46., 7., 1., 0., 0., 0., 6., 28., 64.,
       20., 0., 0., 0., 4., 6., 58., 41., 9., 0., 0., 0., 1., 6., 121.,
       40., 8., 21., 17., 0., 0., 3., 61., 111., 64., 10., 1., 1., 1.,
       41., 3., 18., 121., 60., 6., 2., 4., 121., 3., 1., 6., 4., 0., 0.,
       15., 10., 33., 20., 2., 77., 121., 1., 2., 80., 45., 59., 16.,
       10., 27., 20., 45., 67., 3., 8., 30., 52., 74., 24., 24., 121.,
       3., 1., 1., 2., 2., 1., 25., 6., 1., 0., 0., 80., 121., 1., 2.,
       63., 84., 20., 10., 40., 80., 3., 11., 79., 31., 32., 54., 66.,
       11., 2., 7., 121., 8., 3., 8., 5., 0., 0., 8., 2., 3., 2., 4.,
       45., 59., 0., 0., 0., 12., 14., 7., 100., 121., 3., 0., 72., 21.,
       30., 14., 10., 16., 11., 13., 102., 41., 18., 7., 6., 0., 0., 4.,
       2., 3., 63., 36., 3., 3., 6., 6., 9., 6., 32., 17., 1., 0., 1.,
       22., 23., 3., 7., 4., 8., 26., 36., 80., 1., 0., 0., 3., 60.,
       109., 29., 12., 7., 1., 5., 4., 4., 42., 131., 44., 39., 21., 8.,
       7., 47., 61., 41., 20., 131., 35., 5., 19., 33., 19., 16., 90.,
       20., 3., 1., 62., 131., 73., 15., 19., 37., 2., 15., 91., 27.,
       36., 56., 39., 39., 5., 12., 72., 131., 61., 21., 14., 131., 54.,
       54., 98., 29., 5., 2., 25., 8., 6., 16., 131., 112., 0., 0., 0.,
       15., 8., 20., 109., 21., 0., 0., 1., 3., 2., 8., 50., 34., 5., 1.,
       1., 8., 14., 51., 85., 23., 1., 0., 1., 0., 0., 12., 73., 25., 0.,
       0., 0., 1., 1., 1., 0., 0., 0., 0., 0., 132., 4., 0., 0., 0., 0.,
       0., 0., 167., 21., 1., 0., 0., 0., 0., 9., 33., 8., 11., 0., 0.,
       0., 8., 8., 1., 4., 1., 0., 0., 0., 33., 3., 141., 7., 0., 0., 0.,
       0., 29., 19., 167., 48., 4., 0., 0., 0., 2., 21., 37., 21., 43.,
       2., 0., 0., 5., 5., 0., 1., 12., 0., 0., 0., 167., 10., 39., 5.,
       16., 0., 0., 0., 167., 68., 167., 73., 94., 0., 0., 0., 16., 66.,
       13., 24., 167., 4., 0., 0., 0., 0., 4., 3., 22., 6., 4., 1., 15.,
       12., 4., 5., 24., 2., 5., 16., 23., 17., 5., 19., 87., 7., 7.,
       13., 2., 5., 8., 8., 98., 1., 2., 2., 4., 15., 48., 49., 4., 0.,
       23., 25., 14., 2., 46., 136., 94., 4., 3., 3., 4., 1., 29., 136.,
       34., 4., 3., 0., 0., 0., 23., 28., 7., 3., 1., 0., 0., 0., 3., 4.,
       1., 0., 6., 74., 136., 11., 51., 65., 30., 7., 46., 136., 71.,
       16., 136., 136., 8., 1., 3., 13., 11., 55., 60., 17., 2., 0., 0.,
       0., 3., 24., 1., 0., 0., 0., 5., 50., 94., 18., 9., 0., 0., 0.,
       23., 136., 136., 35., 89., 1., 0., 0., 1., 20., 123., 136., 16.,
       0., 0., 0., 0., 1., 19., 40., 2., 0., 0., 0., 0., 2., 26., 17.,
       0., 0., 0., 0., 0., 7., 62., 5., 0., 0., 0., 1., 3., 2., 37., 16.,
       0., 0., 0., 2., 5., 1., 3., 2., 43., 4., 1., 0., 0., 0., 0., 9.,
       141., 1., 0., 1., 7., 1., 0., 57., 75., 0., 0., 19., 141., 11.,
       0., 16., 0., 0., 2., 25., 102., 14., 0., 0., 51., 3., 1., 0., 0.,
       1., 15., 46., 141., 20., 5., 12., 9., 0., 1., 47., 63., 10., 7.,
       129., 141., 0., 0., 3., 0., 0., 3., 96., 83., 1., 0., 0., 22.,
       13., 4., 0., 0., 0., 14., 45., 109., 93., 42., 24., 2., 0., 4.,
       20., 10., 21., 44., 141., 80., 9., 26., 2., 0., 0., 0., 41., 41.,
       9., 76., 11., 4., 8., 3., 0., 0., 0., 59., 41., 6., 14., 7., 2.,
       1., 1., 69., 65., 0., 2., 5., 11., 6., 9., 123., 29., 0., 0., 0.,
       1., 1., 2., 132., 41., 91., 1., 1., 2., 10., 7., 3., 12., 45.,
       56., 22., 11., 24., 26., 51., 48., 129., 85., 4., 0., 1., 1., 11.,
       74., 19., 2., 0., 0., 4., 2., 0., 3., 125., 3., 4., 6., 7., 4.,
       3., 9., 40., 75., 82., 27., 18., 19., 45., 44., 129., 129., 20.,
       1., 1., 1., 10., 69., 30., 5., 0., 0., 3., 3., 0., 3., 113., 6.,
       3., 3., 5., 7., 8., 23., 38., 48., 43., 13., 14., 29., 119., 89.,
       129., 63., 9., 0., 0., 1., 35., 129., 26., 2., 0., 0., 1., 1., 0.,
       8., 80., 21., 7., 11., 5., 3., 4., 10., 43., 63., 68., 27., 14.,
       14., 59., 50., 129., 90., 13., 1., 0., 0., 16., 70., 16., 3., 0.,
       1., 0., 0., 0., 2., 4., 76., 121., 14., 0., 0., 1., 0., 4., 64.,
       44., 1., 0., 1., 1., 0., 0., 11., 20., 0., 1., 1., 0., 0., 0., 1.,
       0., 0., 0., 1., 0., 0., 85., 95., 83., 48., 20., 8., 11., 29.,
       69., 121., 121., 103., 18., 1., 0., 8., 103., 121., 121., 14., 2.,
       1., 0., 5., 25., 16., 1., 0., 1., 6., 1., 1., 30., 36., 26., 9.,
       8., 8., 15., 28., 42., 26., 30., 73., 61., 28., 12., 25., 121.,
       121., 33., 7., 4., 6., 7., 44., 36., 80., 60., 1., 1., 1., 0., 1.,
       0., 63., 75., 2., 1., 0., 0., 0., 3., 55., 98., 7., 4., 5., 2.,
       2., 15., 121., 66., 1., 0., 1., 1., 3., 14., 121., 62., 0., 0.,
       0., 0., 0., 62., 5., 3., 0., 0., 6., 11., 16., 102., 30., 4., 0.,
       0., 11., 24., 121., 129., 37., 1., 0., 0., 1., 1., 93., 4., 1.,
       0., 0., 3., 7., 1., 3., 102., 5., 2., 3., 8., 3., 1., 24., 59.,
       129., 59., 21., 25., 14., 12., 24., 129., 129., 17., 1., 1., 1.,
       4., 26., 25., 10., 0., 0., 4., 5., 0., 1., 129., 7., 1., 1., 6.,
       6., 3., 6., 34., 35., 37., 12., 19., 29., 75., 63., 129., 104.,
       16., 1., 0., 1., 22., 115., 44., 9., 0., 0., 5., 3., 0., 5., 108.,
       5., 1., 2., 5., 3., 1., 7., 20., 29., 45., 25., 25., 24., 41.,
       26., 129., 109., 22., 3., 1., 2., 22., 81., 55., 9., 0., 0., 1.,
       2., 0., 8. ]
